Aldan Ali-Amir
4930
11.02.2011 14:30:44
1 2 3 4 5 6 7 8 9 10 11 12 13 14 15 16 17 18 19 20 21 22 23 24 25 26 27 28 29 30 31 32 33 34 35 36 37 38 39 40 41 42 43 44 45 46 47 48 49 50 51 52 53 54 55 56 57 58 59 60 61 62 63 64 65 66 67 68 69 70 71 72 73 74 75 76 77 78 79 80 81 82 83 84 85 86 87 88 89 90 91 92 93 94 95 96 97 98 99 100 101 102 103 104 105 106 107 108 109 110 111 112 113 114 115 116 117 118 119 120 121 122 123 124 125 126 127 128 129 130 131 132 133 134 135 136 137 138 139 140 141 142 143 144 145 146 147 148 149 150 151 152 153 154 155 156 157 158 159 160 161 162 163 164 165 166 167 168 169 170 171 172 173 174 175 176 177 178 179 180 181 182 183 184 185 186 187 188 189 190 191 192 193 194 195 196 197 198 199 200 201 202 203 204 205 206 207 208 209 210 211 212 213 214 215 216 217 218 219 220 221 222 223 224 225 226 227 228 229 230 231 232 233 234 235 236 237 238 239 240 241 242 243 244 245 246 247 248 249 250 251 252 253 254 255 256 257 258 259 260 261 262 263 264 265 266 267 268 269 270 271 272 273 274 275 276 277 278 279 280 281 282 283 284 285 286 287 288 289 290 291 292 293 294 295 296 297 298 299 300 301 302 303 304 305 306 307 308 309 310 311 312 313 314 315 316 317 318 319 320 321 322 323 324 325 326 327 328 329 330 331 332 333 334 335 336 337 338 339 340 341 342 343 344 345 346 347 348 349 350 351 352 353 354 355 356 357 358 359 360 361 362 363 364 365 366 367 368 369 370 371 372 373 374 375 376 377 378 379 380 381 382 383 384 385 386 387 388 389 390 391 392 393 394 395 396 397 398 399 400 401 402 403 404 405 406 407 408 409 410 411 412 413 414 415 416 417 418 419 420 421 422 423 424 425 426 427 428 429 430 431 432 433 436 437 439 440 441 442 443 444 445 446 447 448 449 450 451 452 453 454 455 456 457 458 459 460 461 462 463 464 465 466 467 468 469 470 471 472 473 474 475 476 477 478 479 480 481 482 483 484 485 486 487 488 489 490 491 492 493 494 495 496 497 498 499 500 0
Sitmukhambetov Satzhan
11420
13.08.2011 20:28:48
1 2 3 4 5 6 7 8 9 10 11 12 13 14 15 16 17 18 19 20 21 22 23 24 25 26 27 28 29 30 31 32 33 34 35 36 37 38 39 40 41 42 43 44 45 46 47 48 49 50 51 52 53 54 55 56 57 58 59 60 61 62 63 64 65 66 67 68 69 70 71 72 73 74 75 76 77 78 79 80 81 82 83 84 85 86 87 88 89 90 91 92 93 94 95 96 97 98 99 101 102 103 104 105 106 107 108 109 111 112 113 114 115 116 117 118 119 120 121 122 123 124 125 126 127 128 129 130 131 132 133 134 135 136 137 138 139 140 141 142 143 144 145 146 147 148 149 150 151 152 153 154 155 156 157 158 159 160 161 162 163 164 165 166 167 168 169 170 171 172 173 174 175 178 179 180 181 182 183 184 185 186 187 189 190 191 192 193 194 195 196 197 198 199 201 202 203 204 205 206 207 208 210 211 213 214 215 216 217 218 219 220 221 224 225 226 227 228 229 230 231 233 234 235 236 237 238 241 243 244 245 246 247 248 250 251 252 253 254 255 256 257 258 259 260 262 263 264 265 266 267 268 269 270 271 272 273 274 275 276 277 278 279 280 281 282 283 284 285 286 287 288 290 291 292 293 294 295 296 297 298 299 300 301 302 303 305 306 307 309 310 311 312 313 314 315 316 317 318 319 320 321 322 323 324 325 326 327 328 329 330 331 332 333 334 335 336 338 339 340 341 343 344 345 346 347 348 349 350 351 352 353 354 355 356 357 358 359 360 361 362 363 364 365 366 367 368 369 370 371 372 373 374 375 376 377 378 379 380 381 382 383 384 385 386 387 388 389 390 391 392 393 394 395 397 398 399 400 401 406 407 408 409 411 412 413 414 415 416 417 418 419 420 421 422 423 424 425 426 427 429 430 431 432 433 439 440 442 443 444 445 446 447 448 449 450 451 452 453 454 455 456 457 458 459 460 461 462 463 464 465 466 469 470 471 472 473 474 475 476 477 478 480 481 482 483 485 486 487 488 489 490 491 492 493 494 495 496 497 498 499 500 504 511 514 529 539 550 554 597 0
Khamitbekov Madi
9957
20.09.2011 15:34:05
1 2 3 4 5 6 7 8 9 10 11 12 13 14 15 16 17 18 19 20 21 22 23 24 25 26 27 28 29 30 31 32 33 34 35 36 37 38 39 40 41 42 43 44 45 46 47 48 49 50 51 52 53 54 55 56 57 58 59 60 61 62 63 64 65 66 67 68 69 70 71 72 73 74 75 76 77 79 80 81 82 83 84 85 86 87 88 89 90 91 92 93 94 95 96 97 98 99 100 101 102 103 104 105 106 107 108 109 111 112 113 114 115 116 117 118 119 120 121 122 123 124 125 126 127 128 129 130 131 132 133 134 135 136 138 139 140 141 142 143 144 145 146 147 148 149 150 151 152 153 154 155 156 157 158 159 160 161 163 164 165 166 167 168 169 170 171 172 173 174 175 178 179 180 181 182 183 184 185 187 188 189 190 191 192 193 194 195 196 197 198 199 200 202 203 204 205 206 207 208 209 211 213 214 215 216 219 221 224 225 228 230 231 233 234 235 237 238 241 243 244 245 246 248 249 250 252 253 254 255 260 262 263 264 265 266 267 270 271 272 273 274 275 276 277 278 279 280 281 282 283 284 285 286 287 289 290 291 292 293 294 295 296 297 298 299 302 303 304 305 307 308 309 310 311 312 313 314 315 316 317 318 319 320 321 322 323 324 325 326 327 328 329 330 331 332 333 335 336 338 339 340 341 343 344 345 346 347 348 349 350 351 352 353 354 355 356 357 358 360 361 362 363 364 365 366 367 368 370 371 372 373 374 375 376 377 378 379 381 382 383 384 385 386 387 388 390 391 392 394 395 396 397 398 399 400 401 407 408 409 411 412 413 414 415 416 417 419 422 423 426 427 429 430 431 432 433 439 440 444 446 449 450 451 452 453 455 456 457 458 459 461 462 465 466 469 470 471 472 473 474 475 476 477 480 481 482 485 490 491 492 493 496 498 499 500 504 511 534 535 539 541 550 579 597 0
Kim Vyacheslav
7626
01.10.2011 10:06:45
1 2 3 4 6 7 8 11 12 13 14 15 16 17 18 21 22 23 24 25 26 27 28 29 31 33 34 35 36 38 40 42 44 45 46 47 48 49 51 52 53 54 58 59 60 61 66 67 69 70 71 79 80 81 83 84 85 88 92 95 97 99 100 101 103 104 105 106 107 108 113 114 115 116 118 119 120 121 122 123 124 125 126 127 128 129 130 132 133 134 135 136 137 138 139 140 141 142 143 144 145 146 147 148 149 150 151 152 153 154 155 156 157 158 159 160 161 163 164 165 167 169 170 171 172 173 174 179 180 181 182 183 185 186 187 189 190 191 192 194 195 196 197 206 208 210 211 214 215 216 217 219 221 223 225 227 228 231 233 234 238 243 250 254 255 259 260 262 265 268 270 271 273 274 275 278 280 281 282 283 285 286 288 289 292 296 297 299 302 305 307 308 309 312 317 318 320 321 323 324 325 327 328 329 332 333 334 335 336 337 338 343 345 346 349 350 351 352 354 355 356 357 358 359 360 362 363 364 365 366 368 369 370 371 372 373 375 378 379 381 382 383 384 385 388 394 395 398 400 401 407 409 413 414 422 423 426 428 429 431 432 433 436 440 443 446 447 448 449 450 451 453 456 457 459 460 462 463 465 469 470 471 473 476 477 480 481 483 491 493 498 500 502 510 512 518 523 544 554 556 562 0
Omyrzak Meirambek
34056
02.09.2011 14:09:52
1 2 3 4 5 6 7 8 9 10 11 13 14 15 16 17 18 19 20 21 22 23 24 25 26 27 28 29 30 31 32 33 34 35 36 39 40 41 42 43 44 45 46 47 48 49 50 51 52 53 54 56 57 58 59 60 61 62 63 64 65 66 68 69 70 71 72 73 74 75 76 79 80 81 82 84 85 86 87 88 89 91 92 93 94 95 96 98 99 102 103 106 108 111 113 114 118 119 120 121 122 123 124 125 126 127 128 129 130 131 132 133 135 136 138 140 141 142 143 144 145 147 148 149 150 151 152 153 154 156 157 158 159 160 162 163 164 165 166 167 168 171 172 173 174 175 178 179 180 182 183 185 192 193 194 195 196 197 203 204 205 207 208 213 214 216 224 225 231 233 234 235 237 238 246 250 253 254 255 260 263 264 265 266 269 270 271 272 273 274 275 276 277 278 280 281 282 283 284 285 286 287 290 291 292 293 294 296 297 298 299 301 303 309 310 311 312 313 314 315 316 317 319 321 322 323 324 325 326 327 328 329 330 331 332 333 336 337 338 339 340 341 343 344 347 349 350 352 353 354 355 357 358 360 363 364 365 366 367 368 370 371 372 373 376 377 378 379 381 382 383 384 385 386 387 388 391 392 394 395 398 400 407 409 411 412 413 414 415 416 417 420 422 426 431 432 439 440 446 447 456 457 459 461 462 464 465 466 471 473 475 476 477 482 485 486 490 491 493 496 498 499 501 504 510 511 513 514 515 516 517 519 520 521 522 524 526 528 529 530 534 535 539 541 542 543 544 546 550 554 564 574 576 577 578 579 580 596 597 600 0
Dikhanov Anuar
2564
08.09.2011 14:29:06
1 2 3 4 5 6 7 8 9 10 11 13 14 15 16 17 18 21 22 23 24 25 26 27 28 29 31 33 35 36 38 40 41 42 43 44 45 46 47 48 49 50 51 52 53 54 55 56 58 59 60 61 62 63 64 66 68 69 70 71 74 79 80 81 83 84 85 86 88 89 90 91 92 93 94 95 96 98 99 100 101 102 103 104 105 106 107 108 109 113 114 115 116 118 119 120 121 122 123 124 125 126 127 128 129 130 131 132 133 134 135 136 137 138 139 140 141 142 143 144 145 146 147 148 149 150 151 152 153 154 155 156 157 158 159 160 161 163 164 165 167 168 169 170 171 172 174 179 181 182 183 184 185 186 187 189 190 192 193 194 195 196 197 203 206 207 211 214 215 216 225 228 231 233 234 238 243 250 253 254 255 259 260 262 263 264 265 268 271 272 273 274 275 276 277 278 280 281 282 283 284 286 287 290 292 293 294 296 297 298 299 302 303 305 306 307 308 309 311 312 315 317 318 319 320 321 322 323 324 325 327 328 329 331 332 333 334 335 336 337 338 340 343 345 346 347 349 350 351 352 354 355 356 357 358 363 365 366 367 368 369 372 373 378 379 381 382 383 384 387 388 392 394 395 398 400 401 407 409 411 414 416 422 423 426 429 431 432 433 439 440 446 447 450 451 453 456 457 459 461 462 463 465 469 470 471 473 476 480 481 482 490 491 493 496 498 499 500 502 510 518 540 544 554 0
Aytbayev Sherzat
9941
29.09.2011 20:52:57
1 2 3 4 5 6 7 8 9 10 11 12 13 14 15 16 17 18 19 20 21 22 23 24 25 26 27 28 29 30 31 32 33 34 35 36 37 39 40 41 42 43 44 45 46 47 48 49 50 51 52 53 54 56 57 58 59 60 61 62 63 64 65 66 67 68 69 70 71 72 73 74 75 76 79 80 81 82 83 84 85 86 87 88 89 90 91 92 93 94 95 96 98 99 101 102 103 106 107 108 113 114 115 117 118 119 120 121 122 123 124 125 126 127 128 129 130 131 132 133 135 136 138 140 141 142 143 144 145 147 148 149 150 152 153 154 156 157 158 159 161 163 164 165 168 169 170 171 172 173 174 175 178 179 182 183 184 185 187 189 192 195 196 197 198 202 203 204 205 207 208 211 213 214 224 225 231 233 234 235 236 246 248 250 253 254 255 260 263 264 265 266 270 271 272 273 274 275 276 277 278 279 280 281 282 283 284 285 286 287 290 291 292 293 294 295 296 297 298 301 303 308 309 310 311 312 313 314 315 316 317 318 319 320 321 322 323 324 325 326 327 328 329 330 331 332 333 336 338 339 340 341 343 344 346 347 349 350 352 354 355 357 358 360 361 363 364 365 366 367 368 370 372 376 381 382 383 384 385 387 388 390 392 394 395 397 398 399 400 408 409 411 412 413 416 417 419 422 426 431 432 439 440 442 443 444 446 450 452 453 456 457 458 461 462 463 464 465 466 470 471 472 474 475 477 482 485 490 491 493 496 498 499 500 504 511 513 514 515 529 534 539 542 550 554 574 579 597 0
Serikov Anuar
20705
20.09.2011 20:07:32
1 2 3 4 5 6 7 8 9 10 11 12 13 14 15 16 17 18 19 20 21 22 23 24 25 26 27 28 29 30 31 32 33 34 35 36 37 39 40 41 42 43 44 45 46 47 48 49 50 51 52 53 54 55 56 57 58 59 60 61 62 63 64 65 66 68 69 70 71 72 73 75 76 79 80 81 82 84 85 86 87 88 90 91 92 93 94 95 96 98 99 101 102 103 106 107 108 109 113 114 117 118 119 120 121 122 124 125 126 127 128 129 130 131 132 133 134 135 136 138 139 140 141 142 143 144 145 147 148 149 150 151 152 154 156 157 158 159 163 164 165 168 169 171 172 173 174 178 179 182 183 185 189 192 195 196 197 198 202 203 206 207 208 211 213 214 216 224 225 228 231 233 234 235 238 246 250 252 253 254 255 260 263 264 265 270 271 272 273 274 275 276 277 278 281 282 283 284 286 287 290 291 292 293 294 296 297 298 303 308 309 310 311 312 313 314 315 316 317 319 320 321 322 323 324 325 326 327 328 329 330 331 332 333 336 338 339 340 343 344 345 346 347 348 349 350 352 354 355 356 357 360 362 363 364 365 366 367 368 370 372 374 376 379 381 382 383 384 387 388 390 392 394 395 398 400 409 411 412 413 414 416 417 420 422 423 425 426 427 429 430 431 432 440 446 447 450 452 453 456 457 459 461 462 465 466 469 470 471 472 475 477 482 485 490 491 493 496 498 499 504 511 513 514 515 516 519 522 526 529 530 534 539 542 543 544 548 550 554 574 576 577 579 580 597 600 0
Sariyev Aman
9492
10.09.2011 11:06:27
1 2 3 4 5 6 7 8 9 10 11 12 13 14 15 16 17 18 19 20 21 22 23 24 25 26 27 28 29 30 31 32 33 34 35 36 38 39 40 41 42 43 44 45 46 47 48 49 50 51 52 53 54 56 57 58 59 60 61 62 63 64 65 66 67 68 69 70 71 72 73 74 76 79 80 81 82 84 85 86 87 88 89 90 91 92 93 94 95 96 98 99 102 103 106 108 111 113 114 115 116 118 119 120 121 122 123 124 125 126 127 128 129 131 132 133 134 135 136 138 141 142 143 144 145 147 148 149 150 152 153 154 156 157 158 159 160 161 163 164 165 166 167 168 169 170 171 172 173 174 178 180 181 182 183 185 186 189 190 192 193 195 196 197 200 202 203 205 206 207 208 213 214 215 216 224 225 228 231 233 234 235 237 244 246 248 250 252 253 254 255 260 263 264 265 266 270 271 272 273 274 275 276 277 278 279 281 282 283 284 285 286 287 290 291 292 293 294 295 296 297 298 301 302 303 309 312 313 314 315 316 317 319 320 321 322 323 324 325 326 327 328 329 330 331 332 333 336 338 340 344 346 347 349 350 352 354 355 356 357 358 363 364 365 366 368 370 377 378 379 381 382 383 384 387 388 392 394 395 396 397 398 400 407 409 411 412 416 422 426 427 431 432 439 440 446 450 452 456 457 461 462 465 467 470 475 482 485 486 490 491 493 496 498 499 500 501 504 511 513 514 515 521 529 530 534 542 548 550 574 576 579 597 600 0
Abdraimov Dias
4341
07.09.2011 10:03:53
1 2 3 4 5 6 7 8 9 10 11 12 13 14 15 16 17 18 19 20 21 22 23 24 25 26 27 28 29 30 31 32 33 34 35 36 37 38 39 40 41 42 43 44 45 46 47 48 49 50 51 52 53 54 56 57 58 59 60 61 62 63 64 65 66 67 68 69 70 71 72 73 74 75 76 78 79 80 81 82 83 84 85 86 87 88 89 90 91 92 93 94 95 96 98 99 102 103 106 107 108 113 114 118 119 120 121 122 124 125 126 127 128 129 130 131 132 133 135 136 138 140 141 142 143 144 145 147 148 149 150 151 152 153 154 156 157 159 160 163 164 165 167 168 169 170 171 172 173 174 178 180 182 183 185 192 195 196 197 202 203 204 205 207 208 213 214 219 224 225 231 233 234 235 237 246 250 253 254 255 260 263 264 265 267 270 271 272 273 274 275 276 277 278 280 281 282 283 284 286 287 290 291 292 293 294 295 296 297 298 303 309 311 312 313 314 315 316 317 318 319 320 321 322 323 324 325 326 327 328 329 330 331 332 333 336 337 338 340 343 344 347 349 350 351 352 354 355 357 358 360 361 363 364 365 366 367 368 370 371 378 381 383 384 385 387 388 392 394 395 398 400 407 409 411 413 414 416 417 422 426 431 432 433 439 440 443 446 447 456 457 458 459 461 462 463 465 466 469 470 471 475 477 482 485 490 491 493 496 498 499 504 514 529 530 534 539 542 544 550 574 576 577 597 0
Muratov Dauren
13285
05.01.2011 11:36:48
1 2 3 4 5 6 7 8 9 10 11 12 13 14 15 16 17 18 19 20 21 22 23 24 25 26 27 28 29 30 31 32 33 34 35 36 38 39 40 41 42 43 44 45 46 47 48 49 50 51 52 53 54 56 57 58 59 60 61 62 63 64 65 66 67 68 70 71 72 73 74 75 76 77 78 79 81 82 83 84 85 86 87 88 89 90 91 92 93 94 95 96 97 98 99 100 101 102 103 104 106 108 112 113 114 115 116 118 119 120 121 122 123 124 125 126 127 128 129 130 131 132 133 134 135 136 138 139 140 141 142 143 144 145 146 147 148 149 150 151 152 153 154 156 157 159 161 163 164 165 170 171 172 173 178 179 180 183 185 189 192 195 196 197 202 203 204 205 206 207 208 211 224 225 228 231 233 234 235 238 244 250 255 260 263 264 266 268 271 272 274 275 276 280 283 284 286 287 289 291 292 293 296 297 311 312 314 317 318 322 323 324 325 326 327 328 329 331 332 333 335 336 338 339 344 346 347 349 350 351 352 354 355 356 357 360 361 363 364 365 366 367 368 370 372 373 375 376 377 378 379 381 382 383 386 388 392 395 396 398 407 413 416 420 422 423 424 426 427 431 432 446 447 457 459 462 465 466 467 469 470 471 472 473 476 482 491 493 496 498 500 544 0
Dautalinov Ali
10445
28.09.2011 22:46:24
1 2 3 4 5 6 7 8 9 10 11 12 13 14 15 16 17 18 19 20 21 22 23 24 25 26 27 28 29 30 31 32 33 34 35 36 37 38 39 40 41 42 43 44 45 46 47 48 49 50 51 52 53 54 55 56 57 58 59 60 61 62 63 64 65 66 68 69 70 71 72 73 74 75 78 79 80 81 82 83 84 85 86 88 89 90 92 93 94 95 96 97 98 99 100 101 102 103 104 106 108 113 114 115 118 119 120 121 122 123 124 125 126 127 128 129 130 131 132 133 134 135 136 137 138 140 141 142 143 144 145 147 148 149 150 151 152 156 157 159 160 161 163 164 165 168 169 172 179 182 183 185 186 187 189 192 195 196 202 203 204 205 206 207 208 211 215 217 219 225 228 231 233 234 238 246 250 253 254 259 260 263 264 265 268 271 272 273 274 276 277 278 281 282 283 284 287 290 291 293 294 296 297 298 301 303 308 309 310 311 312 315 317 319 320 321 322 323 324 327 328 329 330 331 332 333 335 336 338 339 340 343 345 349 351 353 354 356 357 360 361 363 367 368 373 378 381 383 387 388 390 392 394 395 407 408 409 411 412 413 414 416 423 426 427 429 431 432 433 439 440 446 456 457 461 465 469 470 471 473 475 476 480 481 482 487 489 490 491 492 493 495 496 497 498 499 500 0
Maminov Daniyar
34055
20.09.2011 20:28:03
1 2 3 4 5 6 7 8 9 10 11 13 14 15 16 17 18 19 20 21 22 23 24 25 26 27 28 29 30 31 32 33 34 35 36 39 40 41 42 43 44 45 46 47 48 49 51 52 53 54 56 57 58 59 60 61 62 63 64 65 66 68 69 70 72 73 75 76 78 79 80 81 82 84 85 86 87 88 91 92 93 94 95 96 98 102 103 106 108 111 113 114 118 119 120 121 122 124 125 126 127 128 129 130 131 132 133 134 135 136 138 140 141 142 143 144 145 147 148 149 150 151 152 157 159 162 163 164 165 166 168 171 172 173 174 179 180 183 185 192 193 194 195 196 197 203 204 205 208 213 214 216 224 225 231 233 234 235 237 241 246 250 253 254 260 263 264 265 266 270 271 272 273 274 276 277 278 280 281 282 283 284 285 286 287 290 291 292 293 294 296 297 301 303 309 310 311 312 313 314 315 317 318 319 321 322 323 324 325 326 327 328 329 330 331 332 333 336 338 339 340 343 344 347 349 350 352 353 354 355 357 358 360 363 367 368 376 377 381 383 385 386 387 388 392 394 395 398 409 412 413 416 417 426 431 432 439 440 446 456 457 459 461 462 465 466 475 477 482 485 486 490 491 493 496 499 501 504 510 511 513 514 515 516 517 519 520 521 522 524 526 528 529 530 534 539 542 543 544 546 550 554 564 574 576 577 578 579 580 596 597 600 0
Auganov Birzhan
34788
29.09.2011 10:08:47
1 2 3 4 5 6 7 8 9 10 11 13 14 15 16 17 18 19 20 21 22 23 24 25 26 27 28 29 30 31 32 33 34 35 36 40 41 42 43 44 45 46 47 48 50 51 52 53 54 56 57 58 59 60 61 62 63 64 65 66 68 69 70 72 75 76 79 80 81 82 84 85 86 88 92 93 94 95 96 98 102 103 106 108 113 114 118 119 120 121 122 124 125 126 127 128 130 131 132 133 135 136 141 142 143 144 145 147 148 149 150 151 152 157 159 162 163 164 165 166 167 168 171 172 173 174 178 179 180 183 185 192 195 196 197 203 204 208 213 214 216 224 225 231 233 234 235 237 246 250 253 254 255 263 264 265 266 271 272 273 274 276 277 278 280 282 283 284 285 287 290 291 292 293 294 296 297 301 303 309 310 312 313 314 315 317 319 321 322 323 324 325 326 327 328 329 330 331 332 333 336 337 338 339 340 343 347 349 350 352 353 354 355 357 358 360 363 364 366 368 370 371 372 376 377 378 381 382 383 386 387 388 392 394 395 398 400 409 412 413 416 417 426 431 432 440 446 447 454 456 457 459 462 465 466 475 476 477 482 485 486 490 491 493 496 499 501 504 510 511 513 514 515 516 519 521 522 524 529 530 534 539 542 543 544 550 554 564 574 576 577 579 580 597 600 0
Azimov Rustam
10221
29.09.2011 16:42:26
1 2 3 4 5 6 7 8 9 10 11 13 14 15 16 18 19 20 21 22 23 24 25 26 27 28 29 31 33 34 35 36 39 40 41 42 43 44 45 46 47 48 51 52 53 56 58 59 60 61 62 63 64 65 66 68 69 72 73 75 79 80 81 82 84 85 86 87 88 89 91 92 93 94 95 96 98 99 102 103 106 108 113 114 118 119 120 121 122 123 124 125 126 127 128 129 130 131 132 133 134 135 136 138 140 141 142 143 144 145 147 148 149 150 151 152 156 157 159 163 164 168 170 171 172 173 174 178 179 182 183 185 192 195 196 197 203 205 208 211 224 225 228 231 233 234 235 246 250 253 254 255 260 263 264 265 271 272 273 274 275 276 277 278 280 283 284 290 291 292 293 294 296 297 299 303 309 312 313 314 315 316 317 319 320 321 322 323 324 325 326 327 328 329 331 332 333 336 338 343 344 347 349 350 352 354 355 356 357 363 364 366 368 370 373 378 379 381 382 383 384 387 388 392 394 395 398 407 409 411 413 416 422 423 426 431 432 440 446 447 456 457 461 462 469 475 482 490 493 496 498 499 501 504 511 513 514 515 516 520 521 522 526 529 530 534 539 542 550 554 574 576 577 579 597 600 0
Zhienbek Chingis
5365
12.09.2011 16:34:00
1 2 3 4 5 6 7 8 9 10 11 12 13 14 15 16 17 18 19 20 21 22 23 24 25 26 27 28 29 30 31 32 33 35 36 37 39 40 41 42 43 44 45 46 47 48 49 50 51 52 53 54 58 59 60 61 62 63 64 66 68 69 70 71 74 75 78 79 80 81 82 85 86 88 92 93 94 95 98 99 101 102 103 106 108 113 114 118 119 120 121 122 124 125 126 127 128 129 130 131 132 133 134 135 136 137 138 139 140 141 142 143 144 145 147 148 149 150 151 152 156 157 159 163 164 165 167 168 169 171 172 174 182 183 185 192 195 196 202 203 204 206 207 211 214 215 219 224 225 230 231 233 234 238 246 250 253 254 255 260 263 264 265 267 271 272 274 275 276 277 280 281 283 284 292 293 294 296 297 302 303 311 312 315 317 320 322 323 324 325 327 328 329 331 332 333 336 337 338 340 344 345 347 349 354 355 357 360 363 364 367 368 376 378 381 383 387 388 392 394 395 398 407 409 411 412 414 416 423 426 429 431 432 433 439 440 446 447 457 459 461 462 465 469 471 475 493 496 498 499 504 529 539 550 597 0
Kussainov Aybol
9268
06.09.2011 19:22:40
1 2 3 4 5 6 7 8 9 10 12 13 14 15 16 17 18 19 21 22 23 25 26 27 28 30 31 32 33 35 36 37 39 40 41 42 43 44 45 46 47 48 49 50 51 52 53 54 56 58 59 60 61 62 63 64 65 66 68 69 70 72 73 75 79 80 81 82 84 85 86 87 88 89 90 91 92 93 94 95 96 98 102 103 106 108 114 118 119 120 121 122 124 125 126 127 128 130 131 132 133 135 136 138 141 143 144 145 147 148 149 150 156 159 163 164 165 166 168 170 172 173 174 180 182 184 185 192 194 195 196 202 203 205 207 208 213 224 225 231 233 234 235 236 237 244 246 248 250 252 253 254 255 263 264 265 266 267 270 271 272 273 274 275 276 277 278 283 284 286 287 291 292 293 294 295 296 297 298 303 309 310 311 312 313 314 315 316 317 319 321 322 323 324 325 327 328 329 330 331 332 333 336 339 340 343 344 347 348 349 350 352 353 354 355 357 358 360 363 367 368 370 376 381 383 385 386 387 388 392 394 395 398 399 400 408 409 411 412 413 416 417 422 426 431 432 439 440 446 456 457 461 462 475 482 485 490 491 493 496 498 499 504 513 514 515 516 529 539 550 554 0
Shibikhanov Adil
9260
27.09.2011 7:40:06
1 2 3 4 5 6 7 8 9 10 12 13 14 15 16 17 18 19 20 21 22 23 25 26 27 28 29 30 31 32 33 35 36 37 39 40 41 42 43 44 45 46 47 48 49 50 51 52 53 54 56 57 58 59 60 61 62 63 64 65 66 68 69 70 72 73 75 79 80 81 82 84 85 86 88 89 90 91 92 93 94 95 98 102 103 106 108 114 118 119 120 121 122 124 125 126 127 128 129 130 131 132 133 135 136 138 141 143 144 145 147 148 149 150 152 156 157 159 163 164 165 168 170 172 173 174 178 180 182 183 185 189 192 195 196 197 203 205 207 208 213 224 225 231 233 234 235 237 246 250 253 254 255 263 264 265 266 270 271 272 273 274 275 276 277 278 279 283 284 286 287 290 291 292 293 294 295 296 297 298 301 303 309 312 314 315 316 321 322 323 324 325 326 327 328 329 330 331 332 333 336 339 340 343 344 347 349 350 352 353 354 355 357 358 360 363 368 370 374 376 381 383 385 386 387 388 390 392 394 395 400 408 409 411 412 413 416 417 420 422 426 432 439 440 446 447 456 457 458 461 463 475 477 482 485 486 490 491 493 495 496 498 499 539 0
Koshchegulov Zumrat
3057
05.06.2011 18:04:46
1 2 3 4 5 6 7 8 9 10 11 12 13 14 15 16 17 18 19 20 21 22 23 24 25 26 27 28 29 30 31 32 33 34 35 36 38 39 40 41 43 44 45 46 47 48 49 50 52 53 56 57 58 59 60 61 62 63 64 66 68 71 79 81 83 86 88 92 94 95 101 102 103 104 106 107 108 113 114 115 116 120 121 122 123 124 125 126 127 128 129 130 131 132 133 135 140 141 142 144 147 148 149 150 151 152 153 154 156 157 158 159 161 163 165 171 179 181 182 183 185 186 188 189 190 192 194 195 196 205 207 211 214 225 228 231 233 234 235 237 243 259 264 271 272 273 275 276 277 280 281 282 293 296 297 298 308 311 312 317 319 320 323 324 325 327 328 329 330 331 332 335 338 339 340 346 347 348 349 350 352 353 354 355 356 357 362 363 365 366 368 369 370 372 373 374 376 378 381 382 385 395 400 407 411 423 426 431 433 450 465 470 471 473 476 480 491 496 498 500 0
Nurtoleuov Zhanadil
18599
23.08.2011 12:06:27
1 2 3 4 5 6 7 8 9 10 11 13 14 15 16 17 18 19 20 21 22 23 25 26 27 28 29 30 31 33 34 35 36 39 40 41 42 43 44 45 46 47 48 49 50 51 52 53 54 56 58 59 60 61 62 63 64 65 66 67 68 69 70 71 72 74 75 76 79 81 82 84 85 86 92 93 94 95 96 98 103 106 108 113 114 115 118 119 120 121 122 123 124 125 126 127 128 129 130 131 132 133 134 135 136 138 141 142 143 144 145 147 148 149 150 152 156 157 158 159 160 161 163 164 165 169 171 172 173 174 180 183 185 189 192 195 196 197 207 208 211 213 225 228 231 233 234 237 246 250 253 254 263 264 266 271 272 274 275 276 277 278 281 282 283 284 292 293 294 296 297 303 309 311 312 315 317 319 320 321 323 324 325 326 327 328 329 330 331 332 333 336 338 340 349 350 352 354 355 357 358 363 367 368 378 381 383 384 387 392 394 395 398 409 411 416 422 426 431 432 440 446 447 456 457 461 462 465 470 471 475 482 493 496 498 499 504 511 516 534 539 550 576 579 597 0
Turapbekov Bekzat
1818
30.09.2011 21:11:03
1 2 3 4 5 6 7 8 9 10 11 12 13 14 15 16 17 18 19 20 21 22 23 24 25 26 27 28 29 30 31 32 33 34 35 36 37 38 39 40 41 42 43 44 45 46 47 48 49 50 51 52 53 54 55 56 57 58 59 60 61 62 63 64 65 66 68 69 70 71 72 73 75 76 78 79 80 81 82 83 84 85 86 87 88 89 90 91 92 93 94 95 96 98 100 102 103 104 106 108 113 115 118 119 120 121 122 123 124 125 126 127 128 131 132 133 135 136 138 139 140 141 142 143 144 145 146 147 148 149 150 151 152 154 156 157 159 163 164 165 168 169 170 171 172 173 174 179 180 185 192 193 195 196 197 199 202 204 207 209 211 214 216 219 224 225 231 233 234 237 238 246 250 253 254 257 259 260 262 263 264 265 271 272 273 274 276 277 283 284 286 293 294 296 297 311 320 347 350 355 356 362 363 365 367 376 377 381 384 407 414 426 432 469 0
Kapezov Zhandos
3033
04.06.2011 13:19:38
1 2 3 4 5 6 7 8 9 10 11 12 13 14 15 16 17 18 19 20 21 22 23 24 25 26 27 28 29 30 31 32 33 34 35 36 37 38 39 40 41 42 43 44 45 46 47 48 49 50 51 52 53 54 56 57 58 59 60 61 62 63 64 65 66 68 69 70 71 72 73 75 79 80 81 82 83 84 85 86 88 89 91 92 93 94 95 96 98 99 102 103 106 108 113 114 116 118 119 120 121 122 124 125 126 127 128 129 130 131 132 133 135 136 138 141 142 143 144 145 147 148 149 150 151 152 156 157 159 163 164 165 168 172 174 182 185 195 196 197 202 207 208 219 224 225 231 233 234 235 237 250 253 254 255 260 263 264 265 268 271 272 273 274 275 276 277 278 283 284 286 287 292 293 294 296 297 303 311 312 313 315 317 322 323 324 327 328 329 331 332 333 336 337 340 347 348 349 350 353 354 357 363 365 367 368 372 376 378 381 383 387 388 392 394 395 398 409 411 416 433 439 440 446 457 461 493 496 499 0
Kenzhegulov Saken
3026
27.05.2011 13:59:07
1 2 3 4 5 6 7 8 9 10 11 12 13 14 15 16 17 18 19 20 21 22 23 24 25 26 27 28 29 30 31 32 33 34 35 36 39 40 41 42 43 44 45 46 47 48 49 50 51 52 53 54 58 59 60 61 62 63 64 65 66 68 69 70 71 73 75 79 81 82 83 84 85 86 88 89 90 91 92 93 94 95 96 98 99 102 103 106 108 113 114 118 119 120 121 122 124 125 126 127 128 129 130 131 132 133 135 136 138 140 141 142 143 144 145 147 148 149 150 151 152 154 156 157 159 161 163 164 165 168 169 171 172 174 185 195 196 197 202 207 208 211 224 225 231 233 234 235 237 246 250 253 254 263 264 265 266 271 272 273 274 276 277 278 282 283 284 286 287 290 291 293 294 296 297 303 311 312 313 315 317 322 323 324 325 326 327 328 329 331 332 333 336 337 338 340 343 347 349 350 354 357 360 363 367 368 381 383 387 388 392 394 395 398 409 416 426 431 432 440 446 447 457 459 461 482 490 491 493 496 499 0
Serekov Abzal
3031
24.09.2011 9:43:51
1 2 3 4 5 6 7 8 9 10 11 12 13 14 15 16 17 18 19 21 22 23 25 26 27 28 31 33 34 35 36 38 40 41 43 44 45 46 51 52 59 60 61 62 63 66 69 70 79 81 82 84 85 86 88 92 94 95 97 101 102 103 106 108 114 115 118 119 120 121 122 124 125 126 127 128 129 131 132 135 138 141 142 143 144 145 147 148 149 150 151 152 153 154 156 157 159 163 164 170 171 172 182 185 188 189 195 196 202 204 231 233 263 264 271 272 276 278 281 282 284 293 294 296 297 298 302 311 312 318 324 327 328 332 333 336 338 340 348 350 353 357 363 365 366 367 368 370 377 380 381 390 395 398 411 413 414 432 447 457 462 465 469 470 475 485 486 493 496 500 504 505 513 514 515 519 528 529 539 542 544 550 552 554 564 568 574 577 579 580 581 597 600 0
Zhunusova Zhazira
10560
09.03.2011 15:08:49
1 2 3 4 5 6 7 8 9 10 11 12 13 14 15 16 17 18 19 20 21 22 23 24 25 26 27 28 29 30 31 32 33 34 35 36 37 38 39 40 41 42 43 44 45 49 57 60 63 64 71 74 75 80 89 94 96 97 98 99 103 109 111 112 113 114 115 118 130 134 138 139 140 141 142 143 144 145 151 152 156 157 158 159 161 166 167 172 183 186 189 190 192 193 206 210 213 215 216 228 230 235 237 238 241 244 254 260 262 281 285 286 295 299 301 302 303 311 316 318 328 332 338 351 363 367 374 376 377 384 385 386 397 398 399 407 414 417 418 429 451 459 469 470 473 485 489 490 0
Khussainov Damir
13238
12.09.2011 15:10:59
1 2 3 4 5 6 7 8 9 10 11 13 14 15 16 17 18 19 20 21 22 23 24 25 26 27 28 29 32 33 35 36 39 40 41 42 43 44 45 46 47 48 51 52 53 56 58 59 60 61 62 63 64 66 68 69 74 79 81 82 85 86 88 91 92 94 95 96 98 99 103 106 108 113 114 118 119 120 121 122 124 125 126 127 128 129 130 131 132 133 135 136 138 141 142 143 144 145 147 148 149 150 152 156 157 159 163 164 165 171 172 180 183 185 195 196 208 224 225 233 250 260 263 264 271 272 274 275 276 284 292 293 294 296 297 303 312 317 320 322 323 324 325 326 327 328 329 331 332 333 336 338 340 347 349 350 354 355 357 364 368 381 383 387 394 395 426 431 432 457 461 462 475 482 496 499 516 539 0
Zhunusov Alisher
22210
28.06.2011 10:02:27
1 2 3 4 5 6 7 8 9 10 11 13 14 15 18 19 21 22 23 25 26 27 28 30 33 35 36 39 40 41 42 43 44 46 47 48 50 51 52 53 54 56 57 58 59 60 61 62 63 64 65 66 68 69 70 72 75 76 79 80 81 82 85 86 92 93 94 95 96 98 103 106 108 109 113 114 118 119 120 121 122 124 125 126 127 128 131 132 135 136 138 141 143 144 145 147 148 149 150 152 163 164 165 172 174 179 185 195 196 207 213 233 234 235 250 254 263 264 266 271 272 274 276 277 282 284 286 293 294 296 297 301 303 311 312 315 317 320 323 324 326 327 329 331 333 336 340 347 349 350 354 355 357 363 367 368 381 383 387 395 409 411 416 446 457 475 493 496 499 0
Jubatyrov Nursultan
32799
04.08.2011 22:24:45
1 2 3 4 5 6 7 8 9 10 11 12 13 14 15 16 18 21 22 23 24 25 26 27 28 30 33 35 36 40 41 43 44 45 46 47 48 49 51 52 53 54 56 58 59 60 61 62 63 64 66 68 70 79 80 81 86 88 92 93 94 95 98 103 106 108 114 118 119 120 122 124 125 126 127 131 132 133 135 138 141 143 144 145 146 147 148 149 150 156 159 163 164 169 172 185 195 207 208 224 225 231 233 250 253 254 263 264 271 272 273 274 276 278 283 284 286 291 293 294 296 297 298 303 312 317 322 323 324 325 326 327 328 329 331 332 333 336 340 347 349 354 357 363 368 370 383 387 388 394 395 398 400 416 432 439 446 457 461 475 482 485 486 490 491 493 496 499 554 0
Serikov Anuar 2
9491
23.06.2011 0:50:08
1 2 3 4 5 6 7 8 9 10 12 13 14 15 16 19 21 22 23 25 26 27 28 29 31 33 35 36 39 40 41 42 43 44 45 46 47 48 51 52 53 54 58 59 60 61 62 63 66 68 69 79 80 81 82 84 85 88 90 92 98 99 101 102 103 106 108 118 119 120 121 122 128 131 132 133 136 138 140 142 147 148 149 163 165 172 173 182 183 185 195 208 233 234 250 263 264 265 271 272 273 274 277 284 293 294 296 297 298 309 315 317 322 323 324 325 327 329 331 332 333 336 340 343 347 348 349 350 354 355 357 370 381 383 387 390 394 395 400 409 412 416 426 440 446 456 457 461 482 490 493 496 498 499 0
Khamitbekov Madi 2
9489
11.02.2010 14:42:39
1 2 3 4 5 6 7 8 9 10 13 14 15 18 19 21 22 23 25 26 27 28 33 35 36 39 40 41 42 43 44 45 46 47 48 51 52 53 54 58 59 61 62 63 64 66 68 80 81 85 86 92 94 95 99 103 106 108 118 119 120 122 124 125 126 127 131 132 135 136 139 140 141 143 144 145 147 148 149 150 156 157 159 163 195 197 208 231 233 234 254 260 263 264 271 272 277 278 284 293 294 297 303 312 315 324 327 331 333 336 338 349 354 357 363 367 381 387 394 409 413 416 426 431 432 456 457 461 475 490 491 493 496 499 0
Tokanov Arman
4344
30.03.2010 12:50:51
1 2 3 4 5 6 7 8 9 10 11 12 13 14 15 16 17 18 19 20 21 22 23 24 25 26 27 28 29 30 31 32 33 34 35 36 37 39 40 41 42 43 44 45 46 47 48 49 50 51 52 53 54 56 57 58 59 60 61 62 63 64 65 66 68 70 71 73 75 76 78 79 80 81 82 84 85 86 87 88 89 90 91 92 93 94 95 96 98 102 106 108 121 124 132 133 135 136 137 138 140 141 142 149 150 151 154 182 195 196 202 206 324 456 0
Kalimov Arystan
38663
06.06.2011 17:44:31
1 2 3 4 6 7 8 9 10 12 13 14 18 19 21 22 23 24 25 32 33 35 36 41 42 43 44 45 46 47 48 51 52 53 56 59 61 62 63 66 68 75 79 80 81 85 86 92 94 103 106 108 113 118 119 125 131 143 146 147 148 149 151 162 163 167 171 195 203 204 214 233 255 263 264 272 276 277 280 284 296 297 312 323 324 327 328 329 337 339 349 357 364 365 383 394 395 398 411 454 456 462 477 491 493 504 510 511 539 550 554 576 577 580 597 0
Baytassov Ayan
32095
25.09.2011 20:36:05
1 2 3 4 5 6 7 8 9 10 13 14 15 21 22 23 25 26 27 28 33 35 36 41 43 44 46 47 48 51 52 53 58 59 61 62 63 65 66 68 69 72 79 81 82 85 86 92 93 94 95 96 98 103 106 108 114 118 119 120 124 125 131 135 143 144 147 148 149 157 159 163 164 174 195 196 216 231 233 263 264 271 272 276 278 282 283 284 293 294 296 297 312 313 314 317 321 322 323 324 327 328 331 336 340 347 349 350 354 355 357 383 387 392 394 395 398 440 446 456 457 461 462 475 490 491 493 496 499 0
Dyussenaliyev Nurzhan
8066
12.07.2011 17:23:54
1 2 3 4 7 12 15 18 26 28 37 40 55 69 75 83 90 102 103 108 113 117 120 121 124 125 126 135 136 138 140 142 143 144 145 159 165 169 171 172 182 185 278 282 286 298 311 332 349 353 359 363 367 370 390 440 0
Adilbekov Alibek
14257
30.04.2011 17:23:24
1 2 3 4 5 6 7 8 9 10 13 14 15 16 21 22 23 25 26 27 33 35 36 41 43 44 46 52 58 59 61 62 63 66 68 81 82 86 92 94 95 103 106 108 114 118 119 120 124 131 135 139 141 143 144 147 148 149 150 152 195 233 263 264 272 284 294 297 312 323 324 327 336 349 350 354 355 409 457 462 496 499 0
Dyussenaliyev Erzhan
8065
27.03.2011 10:39:37
1 2 3 4 5 6 7 8 9 14 15 18 21 22 23 25 26 29 33 35 40 43 46 52 61 62 66 81 86 92 103 106 108 115 119 120 124 125 127 131 135 136 144 145 147 148 149 172 182 185 195 233 284 286 311 312 324 350 363 367 374 390 398 458 465 0
Orazkulov Daulet
32096
12.03.2011 8:34:58
1 2 3 4 5 8 9 10 14 15 21 22 23 25 26 33 41 43 44 52 59 61 62 63 66 81 86 92 94 106 108 114 120 131 147 148 149 163 195 233 263 264 272 278 284 294 296 297 312 324 350 355 387 394 496 499 0
Dyussenaliyev Nurzhan 2
26914
12.07.2011 17:25:19
1 198 433 466 0
Zarpen Daurenzhan
34421
25.02.2011 20:00:26
1 3 4 8 21 25 33 61 66 92 108 148 195 0
Kuantayev Chingis
84433

0
